[48;2;0;0;0m[38;2;0;0;0m▘▘▘▘▘▘▘▘▘▘▘▘▘▘▘▘▘▘▘▘▘▘▘▘▘▘▘▘▘▘▘▘▘▘▘▘▘▘▘▘▘▘▘▘▘▘▘▘▘▘▘▘▘▘▘▘▘▘▘▘▘▘▘▘▘▘▘▘▘▘▘▘▘▘▘▘▘▘▘▘▘▘▘▘▘▘▘▘▘▘▘▘▘▘▘▘▘▘▘▘▘▘▘▘▘▘▘▘▘▘▘▘▘▘▘▘▘▘▘▘▘▘▘▘▘▘[38;2;254;255;248m▟[48;2;243;255;243m[38;2;253;255;246m▙[48;2;170;253;107m[38;2;242;255;221m▛[48;2;165;253;100m[38;2;242;252;220m▜[48;2;0;0;0m[38;2;254;255;242m▙[38;2;0;0;0m▘▘▘▘▘▘▘▘▘▘▘▘▘▘▘▘▘▘▘▘▘▘▘▘▘▘▘▘▘[0m
[48;2;0;0;0m[38;2;0;0;0m▘▘▘▘▘▘▘▘▘▘▘▘▘▘▘▘▘▘▘▘▘▘▘▘▘▘▘▘▘▘▘▘▘▘▘▘▘▘▘▘▘▘▘▘▘▘▘▘▘▘▘▘▘▘▘▘▘▘▘▘▘▘▘▘▘▘▘▘▘▘▘▘▘▘▘▘▘▘▘▘▘▘▘▘▘▘▘▘▘▘▘▘▘▘▘▘▘▘▘▘▘▘▘▘▘▘▘▘▘▘▘▘▘▘▘▘▘▘▘▘▘▘▘▘▘▘[48;2;218;254;189m[38;2;249;255;238m▙[48;2;158;254;93m[38;2;191;254;143m▞[48;2;148;253;76m[38;2;225;254;192m▗[48;2;115;253;24m[38;2;242;254;218m▟[48;2;254;255;233m[38;2;255;255;255m▝[48;2;0;0;0m[38;2;247;255;232m▄[38;2;250;255;245m▄[38;2;0;0;0m▘▘▘▘[38;2;255;255;255m▗[38;2;254;255;243m▟[48;2;255;255;0m[38;2;254;255;201m▙[48;2;0;0;0m[38;2;254;255;244m▙[38;2;255;255;255m▖[38;2;0;0;0m▘▘▘▘▘▘▘▘▘▘▘▘▘▘▘▘▘▘[0m
[48;2;0;0;0m[38;2;0;0;0m▘▘▘▘▘▘▘▘▘▘▘▘▘▘▘▘▘▘▘▘▘▘▘▘▘▘▘▘▘▘▘▘▘▘▘▘▘▘▘▘▘▘▘▘▘▘▘▘▘▘▘▘▘▘▘▘▘▘▘▘▘▘▘▘▘▘▘▘▘▘▘▘▘▘▘▘▘▘▘▘▘▘▘▘▘▘▘▘▘▘▘▘▘▘▘▘▘▘▘▘▘▘▘▘▘▘▘▘▘▘▘▘▘▘▘▘▘▘▘▘▘▘▘▘▘▘[38;2;254;255;249m▀[48;2;252;254;239m[38;2;255;255;255m▖[48;2;192;253;148m[38;2;237;254;214m▞[48;2;159;252;102m[38;2;237;255;212m▛[48;2;87;249;5m[38;2;252;255;233m▀[48;2;87;249;6m[38;2;252;255;237m▀[48;2;231;253;207m[38;2;249;255;236m▜[48;2;254;255;240m[38;2;255;255;255m▝[48;2;0;0;0m▖[38;2;0;0;0m▘[38;2;223;223;166m▄[48;2;255;255;204m[38;2;253;255;244m▜[48;2;215;253;177m[38;2;251;255;234m▙[48;2;200;252;161m[38;2;239;254;218m▚[48;2;251;255;240m[38;2;253;255;239m▌[48;2;255;255;0m[38;2;255;255;252m▙[48;2;254;255;243m[38;2;255;255;255m▝[48;2;0;0;0m[38;2;254;255;253m▙[38;2;0;0;0m▘▘▘▘▘▘[38;2;255;255;64m▄[38;2;213;213;213m▄[38;2;0;0;0m▘▘▘▘▘▘▘▘[0m
[48;2;0;0;0m[38;2;0;0;0m▘▘▘▘▘▘▘▘▘▘▘▘▘▘▘▘▘▘▘▘▘▘▘▘▘▘▘▘▘▘▘▘▘▘▘▘▘▘▘▘▘▘▘▘▘▘▘▘▘▘▘▘▘▘▘▘▘▘▘▘▘▘▘▘▘▘▘▘▘▘▘▘▘▘▘▘▘▘▘▘▘▘▘▘▘▘▘▘▘▘▘▘▘▘▘▘▘▘▘▘▘▘▘▘▘▘▘▘▘▘▘▘▘▘▘▘▘▘▘▘▘▘▘▘▘▘▘[38;2;253;255;240m▟[48;2;103;251;26m[38;2;204;253;167m▛[48;2;87;249;6m[38;2;88;250;6m▀[48;2;75;234;18m[38;2;86;247;7m▛[48;2;80;242;11m▜[48;2;86;247;7m[38;2;121;248;56m▝[48;2;162;246;124m[38;2;241;254;228m▜[48;2;0;0;0m[38;2;255;255;250m▌[48;2;255;255;242m[38;2;255;255;255m▘[48;2;133;252;62m[38;2;246;254;227m▛[48;2;135;253;64m[38;2;248;255;228m▜[48;2;183;252;137m[38;2;240;255;217m▛[48;2;207;252;166m[38;2;247;255;232m▟[48;2;255;255;191m[38;2;254;255;237m▜[48;2;185;254;146m[38;2;252;255;244m▛[48;2;129;253;58m[38;2;210;254;182m▜[48;2;254;255;245m[38;2;255;255;255m▝[48;2;254;255;247m▘[48;2;252;254;246m▝[48;2;0;0;0m[38;2;255;255;253m▙[38;2;0;0;0m▘▘[38;2;254;254;251m▟[48;2;160;246;115m[38;2;250;253;238m▛[48;2;131;252;62m[38;2;249;255;237m▜[48;2;255;255;245m[38;2;255;255;255m▀[48;2;0;0;0m▖[38;2;0;0;0m▘▘▘▘▘▘[0m
[48;2;0;0;0m[38;2;0;0;0m▘▘▘▘▘▘▘▘▘▘▘▘▘▘▘▘▘▘▘▘▘▘▘▘▘▘▘▘▘▘▘▘▘▘▘▘▘▘▘▘▘▘▘▘▘▘▘▘▘▘▘▘▘▘▘▘▘▘▘▘▘▘▘▘▘▘▘▘▘▘▘▘▘▘▘▘▘▘▘▘▘▘▘▘▘▘▘▘▘▘▘▘▘▘▘▘▘▘▘▘▘▘▘▘▘▘▘▘▘▘▘▘▘▘▘▘▘▘▘▘▘▘▘▘▘▘[38;2;255;255;251m▐[48;2;176;252;128m[38;2;251;255;240m▛[48;2;88;250;7m[38;2;122;250;49m▘[48;2;92;246;19m[38;2;226;253;210m▗[48;2;243;254;234m[38;2;251;255;243m▟[48;2;116;241;67m[38;2;238;252;228m▙[48;2;111;243;56m[38;2;217;247;209m▄[48;2;224;249;217m[38;2;254;255;247m▟[48;2;250;255;246m[38;2;255;255;255m▛[48;2;169;252;113m[38;2;253;255;244m▛[48;2;92;251;7m[38;2;94;252;7m▀[48;2;93;251;7m[38;2;100;252;16m▝[48;2;115;252;38m[38;2;237;254;213m▜[48;2;251;253;236m[38;2;255;255;247m▐[48;2;0;0;0m[38;2;253;255;246m▟[48;2;167;253;121m[38;2;235;253;221m▌[48;2;176;253;133m[38;2;253;255;244m▟[48;2;251;255;241m[38;2;254;255;244m▛[48;2;116;251;38m[38;2;236;255;218m▌[48;2;105;244;38m[38;2;230;254;211m▝[48;2;254;254;244m[38;2;255;255;255m▝[48;2;0;0;0m[38;2;254;255;249m▟[38;2;255;255;229m▄[48;2;251;255;240m[38;2;255;255;240m▀[48;2;103;249;21m[38;2;223;253;196m▘[48;2;90;250;5m[38;2;128;232;101m▐[48;2;254;255;246m[38;2;255;255;248m▟[48;2;0;0;0m[38;2;255;255;255m▌[38;2;0;0;0m▘▘▘▘▘▘[0m
[48;2;0;0;0m[38;2;0;0;0m▘▘▘▘▘▘▘▘▘▘▘▘▘▘▘▘▘▘▘▘▘▘▘▘▘▘▘▘▘▘▘▘▘▘▘▘▘▘▘▘▘▘▘▘▘▘▘▘▘▘▘▘▘▘▘▘▘▘▘▘▘▘▘▘▘▘▘▘▘▘▘▘▘▘▘▘▘▘▘▘▘▘▘▘▘▘▘▘▘▘▘▘▘▘▘▘▘▘▘▘▘▘▘▘▘▘▘▘▘▘▘▘▘▘▘▘▘▘▘▘▘▘▘▘▘▘[48;2;251;253;243m[38;2;255;255;255m▌[48;2;109;250;36m[38;2;251;254;241m▌[48;2;87;246;12m[38;2;88;249;8m▌[48;2;182;249;150m[38;2;251;255;241m▐[48;2;236;254;222m[38;2;249;255;242m▛[48;2;210;253;179m[38;2;252;255;242m▀[48;2;206;253;170m[38;2;252;255;243m▀[48;2;234;254;217m[38;2;252;255;247m▜[48;2;246;255;233m[38;2;253;255;237m▛[48;2;114;251;41m[38;2;224;253;191m▘[48;2;91;250;8m[38;2;151;250;92m▗[48;2;94;251;10m[38;2;174;250;124m▖[48;2;94;252;9m[38;2;157;253;97m▐[48;2;249;254;229m[38;2;251;255;235m▝[48;2;148;252;89m[38;2;236;254;215m▛[48;2;89;250;6m[38;2;159;252;113m▀[48;2;100;250;21m[38;2;231;254;209m▜[48;2;235;254;209m[38;2;252;255;237m▜[48;2;90;250;5m[38;2;228;254;197m▌[48;2;67;219;35m[38;2;90;250;5m▌[48;2;246;255;230m[38;2;255;255;245m▛[48;2;135;250;70m[38;2;254;255;244m▀[48;2;103;250;29m[38;2;244;253;229m▜[48;2;208;251;174m[38;2;251;254;238m▛[48;2;88;248;7m[38;2;89;249;7m▀[48;2;86;242;19m[38;2;224;252;208m▐[48;2;253;255;241m[38;2;255;255;245m▜[48;2;0;0;0m[38;2;254;255;251m▙[38;2;0;0;0m▘▘▘▘▘▘[0m
[48;2;0;0;0m[38;2;0;0;0m▘▘▘▘▘▘▘▘▘▘▘▘▘▘▘▘▘▘▘▘▘▘▘▘▘▘▘▘▘▘▘▘▘▘▘▘▘▘▘▘▘▘▘▘▘▘▘▘▘▘▘▘▘▘▘▘▘▘▘▘▘▘▘▘▘▘▘▘▘▘▘▘▘▘▘▘▘▘▘▘▘▘▘▘▘▘▘▘▘▘▘▘▘▘▘▘▘▘▘▘▘▘▘▘▘▘▘▘▘▘▘▘▘▘▘▘▘▘▘▘▘[38;2;255;255;255m▄[48;2;255;255;244m▀[48;2;0;0;0m[38;2;255;255;248m▄[48;2;248;255;238m[38;2;255;255;255m▘[48;2;251;255;242m[38;2;255;255;252m▀[48;2;255;255;128m[38;2;254;254;248m▟[48;2;107;249;37m[38;2;252;254;243m▌[48;2;84;245;13m[38;2;86;248;8m▌[48;2;188;249;159m[38;2;251;255;242m▐[48;2;190;253;153m[38;2;251;255;240m▌[48;2;87;250;5m[38;2;91;249;12m▘[48;2;85;248;5m[38;2;85;249;5m▜[48;2;104;249;32m[38;2;222;253;196m▐[48;2;190;254;149m[38;2;247;255;232m▌[48;2;88;251;5m[38;2;107;251;30m▘[48;2;105;250;30m[38;2;201;251;163m▐[48;2;93;248;16m[38;2;182;252;134m▘[48;2;89;250;7m[38;2;149;252;86m▐[48;2;111;251;37m[38;2;244;254;215m▛[48;2;87;249;7m[38;2;88;250;7m▛[48;2;87;244;15m[38;2;89;250;7m▀[48;2;89;249;7m[38;2;90;250;6m▜[48;2;93;251;7m[38;2;220;254;183m▜[48;2;122;252;45m[38;2;236;255;205m▌[48;2;83;242;14m[38;2;89;251;5m▙[48;2;93;250;14m[38;2;204;252;168m▀[48;2;87;250;6m[38;2;99;250;21m▘[48;2;93;249;14m[38;2;133;249;72m▝[48;2;111;247;43m[38;2;233;251;213m▘[48;2;85;246;10m[38;2;88;248;9m▌[48;2;172;248;137m[38;2;246;255;234m▐[48;2;230;254;212m[38;2;249;255;236m▙[48;2;207;253;174m[38;2;242;254;228m▜[48;2;0;0;0m[38;2;255;255;241m▙[48;2;254;255;241m[38;2;255;255;255m▘[48;2;253;255;247m▜[48;2;0;0;0m▖[38;2;0;0;0m▘▘[0m
[48;2;0;0;0m[38;2;0;0;0m▘▘▘▘▘▘▘▘▘▘▘▘▘▘▘▘▘▘▘▘▘▘▘▘▘▘▘▘▘▘▘▘▘▘▘▘▘▘▘▘▘▘▘▘▘▘▘▘▘▘▘▘▘▘▘▘▘▘▘▘▘▘▘▘▘▘▘▘▘▘▘▘▘▘▘▘▘▘▘▘▘▘▘▘▘▘▘▘▘▘▘▘▘▘▘▘▘▘▘▘▘▘▘▘▘▘▘▘▘▘▘▘▘▘▘▘▘▘▘▘▘[48;2;252;255;247m[38;2;255;255;255m▌[48;2;107;251;28m[38;2;207;253;180m▛[48;2;121;250;50m[38;2;232;254;213m▜[48;2;124;248;60m[38;2;232;254;212m▌[48;2;200;252;169m[38;2;251;255;244m▐[48;2;251;255;247m[38;2;255;255;252m▙[48;2;139;249;89m[38;2;251;255;244m▌[48;2;82;246;8m[38;2;84;247;7m▜[48;2;82;246;9m[38;2;199;251;169m▜[48;2;251;255;237m[38;2;252;255;239m▐[48;2;112;243;59m[38;2;203;248;179m▌[48;2;83;247;5m[38;2;85;249;5m▀[48;2;123;247;65m[38;2;223;253;194m▐[48;2;91;251;9m[38;2;186;252;141m▘[48;2;87;251;4m[38;2;88;252;4m▌[48;2;86;250;5m[38;2;87;251;4m▌[48;2;87;246;14m[38;2;86;249;6m▀[48;2;95;246;25m[38;2;214;252;187m▟[48;2;106;249;35m[38;2;250;255;230m▌[48;2;84;247;9m[38;2;86;249;6m▘[48;2;138;243;94m[38;2;229;253;196m▜[48;2;87;249;6m[38;2;134;247;78m▌[48;2;88;250;5m[38;2;231;254;203m▐[48;2;187;254;137m[38;2;250;255;229m▌[48;2;88;251;5m[38;2;100;252;20m▖[48;2;86;250;5m[38;2;87;251;5m▘[38;2;133;247;89m▗[48;2;86;249;7m[38;2;87;250;6m▜[38;2;89;250;8m▘[48;2;93;247;22m[38;2;154;243;123m▗[48;2;162;241;142m[38;2;251;255;238m▄[48;2;203;251;175m[38;2;252;255;239m▄[48;2;194;255;144m[38;2;244;255;229m▛[48;2;187;254;131m[38;2;245;255;229m▀[48;2;129;253;40m[38;2;194;254;141m▜[48;2;250;255;237m[38;2;253;255;246m▐[48;2;0;0;0m[38;2;255;255;255m▌[38;2;0;0;0m▘▘[0m
[48;2;0;0;0m[38;2;0;0;0m▘▘▘▘▘▘▘▘▘▘▘▘▘▘▘▘▘▘▘▘▘▘▘▘▘▘▘▘▘▘▘▘▘▘▘▘▘▘▘▘▘▘▘▘▘▘▘▘▘▘▘▘▘▘▘▘▘▘▘▘▘▘▘▘▘▘▘▘▘▘▘▘▘▘▘▘▘▘▘▘▘▘▘▘▘▘▘▘▘▘▘▘▘▘▘▘▘▘▘▘▘▘▘▘▘▘▘▘▘▘▘▘▘▘▘▘▘▘▘▘▘[38;2;255;255;249m▀[48;2;196;253;161m[38;2;251;254;243m▙[48;2;104;249;30m[38;2;186;245;165m▄[48;2;139;244;97m[38;2;249;255;240m▗[48;2;244;255;240m[38;2;255;255;255m▗[48;2;0;0;0m▜[48;2;245;254;239m[38;2;253;255;245m▙[48;2;95;245;28m[38;2;230;253;214m▖[48;2;81;245;8m[38;2;82;246;7m▜[48;2;83;246;5m[38;2;83;246;6m▀[48;2;81;245;6m[38;2;83;247;5m▛[48;2;102;243;41m[38;2;213;249;194m▗[48;2;126;249;63m[38;2;213;250;189m▌[48;2;87;250;5m[38;2;88;251;5m▝[48;2;87;251;6m[38;2;157;250;110m▗[48;2;86;250;4m[38;2;86;251;3m▘[48;2;178;252;136m[38;2;249;255;239m▐[48;2;251;255;241m[38;2;255;255;244m▗[48;2;112;245;55m[38;2;248;255;237m▙[48;2;79;243;11m[38;2;82;246;8m▜[48;2;82;246;7m[38;2;83;247;7m▀[48;2;82;245;9m[38;2;84;247;7m▀[48;2;92;246;19m[38;2;223;253;199m▟[48;2;215;254;181m[38;2;252;255;239m▙[48;2;96;250;18m[38;2;161;252;108m▖[48;2;82;244;11m[38;2;84;248;6m▛[48;2;88;243;22m[38;2;215;252;192m▟[48;2;88;248;12m[38;2;204;251;180m▖[48;2;83;247;8m[38;2;84;248;8m▛[48;2;117;240;74m[38;2;250;255;236m▗[48;2;253;255;239m[38;2;255;255;255m▗[48;2;0;0;0m[38;2;253;255;236m▜[48;2;133;254;49m[38;2;217;255;177m▙[48;2;148;253;71m[38;2;223;255;180m▄[48;2;246;255;221m[38;2;250;255;233m▟[48;2;0;0;0m[38;2;253;255;249m▛[38;2;255;255;255m▘[38;2;0;0;0m▘▘[0m
[48;2;0;0;0m[38;2;0;0;0m▘▘▘▘▘▘▘▘▘▘▘▘▘▘▘▘▘▘▘▘▘▘▘▘▘▘▘▘▘▘▘▘▘▘▘▘▘▘▘▘▘▘▘▘▘▘▘▘▘▘▘▘▘▘▘▘▘▘▘▘▘▘▘▘▘▘▘▘▘▘▘▘▘▘▘▘▘▘▘▘▘▘▘▘▘▘▘▘▘▘▘▘▘▘▘▘▘▘▘▘▘▘▘▘▘▘▘▘▘▘▘▘▘▘▘▘▘▘▘▘▘▘[38;2;255;255;248m▜[48;2;248;255;239m[38;2;250;255;244m▄[48;2;108;248;41m[38;2;202;248;187m▀[48;2;202;250;179m[38;2;251;255;245m▜[48;2;249;255;243m[38;2;255;255;255m▘[48;2;106;250;35m[38;2;242;255;233m▛[48;2;164;249;116m[38;2;239;254;228m▜[48;2;82;236;28m[38;2;227;253;211m▙[48;2;76;238;12m[38;2;251;255;242m▄[48;2;102;233;63m[38;2;236;253;223m▟[48;2;230;251;217m[38;2;249;255;237m▟[48;2;86;248;8m[38;2;150;250;98m▌[48;2;85;248;7m[38;2;101;242;46m▗[48;2;129;243;81m[38;2;233;251;218m▟[48;2;113;248;45m[38;2;233;254;210m▖[48;2;91;249;13m[38;2;179;246;140m▝[48;2;185;243;158m[38;2;252;255;243m▜[48;2;252;255;244m[38;2;255;255;243m▖[48;2;159;246;122m[38;2;238;254;223m▙[48;2;76;238;15m[38;2;246;255;228m▄[48;2;91;238;35m[38;2;235;254;215m▟[48;2;238;254;221m[38;2;253;255;238m▟[48;2;253;255;239m[38;2;255;255;255m▖[48;2;95;237;42m[38;2;241;254;224m▙[48;2;103;238;54m[38;2;247;255;229m▄[48;2;235;253;216m[38;2;250;255;235m▟[48;2;158;246;118m▙[48;2;77;236;22m[38;2;251;255;234m▄[48;2;222;251;200m[38;2;251;255;235m▟[48;2;243;255;223m[38;2;253;255;238m▛[48;2;219;254;188m[38;2;252;255;237m▀[48;2;179;254;115m[38;2;238;255;211m▛[48;2;179;254;114m[38;2;225;255;185m▜[48;2;219;254;185m[38;2;252;255;231m▀[48;2;227;254;203m[38;2;252;255;238m▀[48;2;247;255;238m[38;2;254;255;247m▟[48;2;0;0;0m[38;2;0;0;0m▘▘[0m
[48;2;0;0;0m[38;2;0;0;0m▘▘▘▘▘▘▘▘▘▘▘▘▘▘▘▘▘▘▘▘▘▘▘▘▘▘▘▘▘▘▘▘▘▘▘▘▘▘▘▘▘▘▘▘▘▘▘▘▘▘▘▘▘▘▘▘▘▘▘▘▘▘▘▘▘▘▘▘▘▘▘▘▘▘▘▘▘▘▘▘▘▘▘▘▘▘▘▘▘▘▘▘▘▘▘▘▘▘▘▘▘▘▘▘▘▘▘▘▘▘▘▘▘▘▘▘▘▘▘▘▘▘[38;2;255;255;255m▐[48;2;147;254;86m[38;2;253;254;246m▌[48;2;93;250;12m[38;2;94;250;12m▘[48;2;100;247;32m[38;2;233;253;218m▐[48;2;209;255;174m[38;2;252;255;244m▌[48;2;92;252;11m[38;2;123;253;54m▘[48;2;99;244;41m[38;2;163;241;141m▝[48;2;247;255;240m[38;2;250;255;242m▀[48;2;248;255;240m[38;2;251;255;244m▝[48;2;129;251;64m[38;2;251;255;242m▀[48;2;120;249;55m[38;2;250;255;240m▜[48;2;126;238;90m[38;2;232;253;216m▙[48;2;141;239;108m[38;2;245;254;236m▄[48;2;234;250;222m[38;2;252;255;240m▟[48;2;170;250;121m[38;2;247;255;230m▙[48;2;114;247;46m[38;2;241;254;220m▄[48;2;223;250;204m[38;2;251;255;239m▟[48;2;122;249;52m▛[48;2;123;248;53m[38;2;246;255;229m▜[48;2;185;249;148m[38;2;224;253;195m▟[48;2;96;246;21m[38;2;234;254;208m▛[48;2;89;236;32m[38;2;241;254;222m▜[48;2;208;253;178m[38;2;243;254;227m▛[48;2;114;248;44m[38;2;226;254;199m▛[48;2;106;248;30m[38;2;190;250;148m▜[48;2;242;255;219m[38;2;251;255;234m▟[48;2;193;253;154m[38;2;252;255;236m▛[48;2;99;250;22m[38;2;242;255;217m▀[48;2;117;249;48m▀[48;2;157;252;99m[38;2;235;254;208m▙[48;2;89;250;6m[38;2;88;251;4m▝[48;2;86;250;5m[38;2;87;251;4m▘[48;2;85;250;5m[38;2;86;250;5m▌[48;2;83;248;7m[38;2;84;249;5m▘[48;2;84;246;11m[38;2;142;242;103m▐[48;2;246;254;235m[38;2;254;255;242m▟[48;2;0;0;0m[38;2;0;0;0m▘▘[0m
[48;2;0;0;0m[38;2;0;0;0m▘▘▘▘▘▘▘▘▘▘▘▘▘▘▘▘▘▘▘▘▘▘▘▘▘▘▘▘▘▘▘▘▘▘▘▘▘▘▘▘▘▘▘▘▘▘▘▘▘▘▘▘▘▘▘▘▘▘▘▘▘▘▘▘▘▘▘▘▘▘▘▘▘▘▘▘▘▘▘▘▘▘▘▘▘▘▘▘▘▘▘▘▘▘▘▘▘▘▘▘▘▘▘▘▘▘▘▘▘▘▘▘▘▘▘▘▘▘▘▘▘▘[38;2;255;255;255m▐[48;2;116;255;38m[38;2;254;254;248m▌[48;2;91;251;9m[38;2;92;251;10m▛[48;2;88;249;11m[38;2;230;254;213m▐[48;2;194;255;154m[38;2;252;255;243m▌[48;2;86;252;5m[38;2;96;253;13m▌[48;2;81;248;6m[38;2;121;233;100m▐[48;2;245;255;236m[38;2;248;255;241m▝[48;2;92;250;8m[38;2;202;254;168m▛[48;2;88;248;7m[38;2;90;250;7m▛[48;2;85;247;9m[38;2;130;248;72m▝[48;2;175;250;139m[38;2;243;255;229m▜[48;2;205;253;173m[38;2;249;255;236m▛[48;2;98;251;19m[38;2;205;253;170m▀[48;2;90;249;9m[38;2;91;250;9m▌[48;2;89;248;11m[38;2;185;251;140m▝[48;2;110;249;37m[38;2;234;254;206m▜[48;2;89;247;9m[38;2;148;251;88m▌[48;2;90;247;10m[38;2;140;246;85m▐[48;2;223;252;190m[38;2;248;255;225m▀[48;2;87;245;11m[38;2;88;246;11m▚[48;2;80;239;17m[38;2;224;253;201m▐[48;2;138;243;99m[38;2;211;253;184m▛[48;2;129;247;76m[38;2;222;255;190m▀[48;2;134;247;79m[38;2;228;255;195m▀[48;2;190;248;152m[38;2;242;253;223m▛[48;2;87;249;8m[38;2;190;253;149m▘[48;2;88;248;10m[38;2;142;248;96m▗[48;2;85;246;8m[38;2;136;246;91m▖[48;2;116;243;58m[38;2;233;254;208m▝[48;2;134;244;84m[38;2;238;254;217m▙[48;2;92;248;16m[38;2;151;251;97m▖[48;2;90;248;16m[38;2;144;249;95m▗[48;2;127;240;88m[38;2;250;255;238m▄[48;2;141;234;118m[38;2;252;255;241m▟[48;2;254;255;239m[38;2;255;255;255m▄[48;2;0;0;0m[38;2;0;0;0m▘▘[0m
[48;2;0;0;0m[38;2;0;0;0m▘▘▘▘▘▘▘▘▘▘▘▘▘▘▘▘▘▘▘▘▘▘▘▘▘▘▘▘▘▘▘▘▘▘▘▘▘▘▘▘▘▘▘▘▘▘▘▘▘▘▘▘▘▘▘▘▘▘▘▘▘▘▘▘▘▘▘▘▘▘▘▘▘▘▘▘▘▘▘▘▘▘▘▘▘▘▘▘▘▘▘▘▘▘▘▘▘▘▘▘▘▘▘▘▘▘▘▘▘▘▘▘▘▘▘▘▘▘▘▘▘▘[38;2;255;255;255m▐[48;2;115;255;38m[38;2;255;255;249m▌[48;2;90;251;8m[38;2;91;252;8m▌[48;2;87;250;7m[38;2;88;250;8m▝[48;2;85;251;7m[38;2;88;251;8m▀[48;2;84;251;4m[38;2;85;251;5m▌[48;2;79;247;6m[38;2;118;233;96m▐[48;2;225;255;200m[38;2;241;255;230m▛[48;2;91;251;7m[38;2;135;251;61m▘[48;2;126;249;58m[38;2;233;254;208m▗[48;2;82;245;7m[38;2;133;247;80m▖[48;2;76;242;9m[38;2;200;251;172m▜[48;2;178;253;133m[38;2;243;255;228m▌[48;2;89;251;6m[38;2;90;251;7m▘[48;2;110;247;43m[38;2;211;253;175m▐[48;2;88;248;11m[38;2;143;250;84m▖[48;2;87;248;8m[38;2;142;247;87m▐[48;2;105;248;32m[38;2;241;255;208m▌[48;2;89;244;20m[38;2;87;249;7m▌[48;2;112;245;49m[38;2;185;248;146m▌[48;2;83;245;11m[38;2;85;246;11m▜[48;2;160;250;117m[38;2;230;254;206m▝[48;2;82;242;21m[38;2;93;242;34m▘[48;2;78;243;16m[38;2;84;241;26m▙[48;2;85;240;29m[38;2;123;240;83m▗[48;2;143;245;92m[38;2;205;248;183m▙[48;2;83;248;6m[38;2;107;245;45m▖[48;2;114;246;60m[38;2;234;253;217m▝[48;2;148;245;111m[38;2;237;254;220m▙[48;2;83;235;27m[38;2;243;254;228m▟[48;2;252;255;238m[38;2;252;255;238m▀[48;2;87;247;14m[38;2;156;252;102m▌[48;2;84;246;12m[38;2;143;248;96m▐[48;2;247;255;237m[38;2;255;255;238m▗[48;2;0;0;0m[38;2;255;255;255m▀[38;2;0;0;0m▘▘▘[0m
[48;2;0;0;0m[38;2;0;0;0m▘▘▘▘▘▘▘▘▘▘▘▘▘▘▘▘▘▘▘▘▘▘▘▘▘▘▘▘▘▘▘▘▘▘▘▘▘▘▘▘▘▘▘▘▘▘▘▘▘▘▘▘▘▘▘▘▘▘▘▘▘▘▘▘▘▘▘▘▘▘▘▘▘▘▘▘▘▘▘▘▘▘▘▘▘▘▘▘▘▘▘▘▘▘▘▘▘▘▘▘▘▘▘▘▘▘▘▘▘▘▘▘▘▘▘▘▘▘▘▘▘▘[38;2;255;255;255m▐[48;2;115;253;39m[38;2;255;255;247m▌[48;2;88;250;9m[38;2;90;251;8m▛[48;2;84;248;8m[38;2;195;248;180m▗[48;2;83;249;7m[38;2;195;251;172m▄[48;2;84;250;5m[38;2;85;250;6m▖[48;2;79;247;7m[38;2;117;235;88m▐[48;2;192;255;140m[38;2;230;255;212m▌[48;2;85;248;4m[38;2;87;249;4m▛[48;2;84;249;4m[38;2;151;248;96m▀[48;2;80;246;7m[38;2;159;247;114m▘[48;2;76;242;9m[38;2;195;251;159m▐[48;2;174;252;124m[38;2;233;254;206m▌[48;2;87;250;6m[38;2;88;251;6m▌[48;2;88;249;10m[38;2;127;248;67m▝[48;2;83;247;8m[38;2;98;248;26m▘[48;2;125;242;75m[38;2;250;255;233m▗[48;2;163;248;111m[38;2;249;255;229m▌[48;2;85;249;7m[38;2;86;250;6m▘[48;2;84;247;9m[38;2;102;248;31m▘[48;2;83;246;11m[38;2;100;242;45m▐[48;2;93;242;35m[38;2;143;242;105m▘[48;2;78;241;17m[38;2;82;243;18m▘[48;2;78;239;21m[38;2;180;248;154m▀[48;2;222;251;205m[38;2;249;255;232m▗[48;2;245;255;219m[38;2;250;255;233m▜[48;2;118;244;65m[38;2;231;252;209m▙[48;2;85;247;9m[38;2;133;247;78m▖[48;2;92;247;19m[38;2;168;251;123m▝[48;2;174;252;129m[38;2;249;255;235m▜[48;2;251;255;238m[38;2;255;255;243m▘[48;2;87;246;15m[38;2;157;252;104m▌[48;2;84;246;13m[38;2;142;248;95m▐[48;2;247;255;231m[38;2;247;255;234m▘[48;2;0;0;0m[38;2;0;0;0m▘▘▘▘[0m
[48;2;0;0;0m[38;2;0;0;0m▘▘▘▘▘▘▘▘▘▘▘▘▘▘▘▘▘▘▘▘▘▘▘▘▘▘▘▘▘▘▘▘▘▘▘▘▘▘▘▘▘▘▘▘▘▘▘▘▘▘▘▘▘▘▘▘▘▘▘▘▘▘▘▘▘▘▘▘▘▘▘▘▘▘▘▘▘▘▘▘▘▘▘▘▘▘▘▘▘▘▘▘▘▘▘▘▘▘▘▘▘▘▘▘▘▘▘▘▘▘▘▘▘▘▘▘▘▘▘▘▘▘[38;2;255;255;255m▐[48;2;113;251;41m[38;2;253;255;245m▌[48;2;87;247;13m[38;2;88;249;11m▘[48;2;80;242;16m[38;2;227;253;204m▐[48;2;191;254;147m[38;2;249;255;231m▌[48;2;83;248;9m[38;2;92;250;17m▌[48;2;80;246;10m[38;2;121;238;87m▐[48;2;98;245;31m[38;2;221;254;200m▌[48;2;84;240;20m[38;2;83;246;5m▛[48;2;92;239;37m[38;2;204;247;185m▄[48;2;79;246;7m[38;2;154;243;131m▖[48;2;76;241;12m[38;2;78;245;9m▌[48;2;175;253;126m[38;2;229;255;199m▌[48;2;85;250;6m[38;2;86;250;6m▀[48;2;90;245;26m[38;2;169;250;133m▗[48;2;79;244;11m[38;2;81;245;10m▛[48;2;118;242;71m[38;2;251;255;236m▝[48;2;220;253;187m[38;2;251;255;235m▙[48;2;86;250;7m[38;2;200;253;161m▖[48;2;83;248;7m[38;2;84;248;7m▖[48;2;92;246;26m[38;2;182;246;157m▐[48;2;80;243;16m[38;2;141;246;96m▌[48;2;78;242;13m[38;2;79;243;13m▌[48;2;73;238;15m[38;2;76;241;14m▌[48;2;107;239;57m[38;2;246;255;225m▐[48;2;211;253;126m[38;2;239;254;207m▟[48;2;107;248;36m[38;2;244;254;219m▀[48;2;187;250;145m[38;2;247;255;222m▚[48;2;89;246;16m[38;2;205;252;167m▖[48;2;86;241;22m[38;2;159;240;133m▝[48;2;249;255;238m[38;2;251;255;239m▝[48;2;86;245;17m[38;2;159;252;109m▌[48;2;82;244;15m[38;2;142;247;97m▐[48;2;248;255;233m[38;2;255;255;235m▐[48;2;0;0;0m[38;2;0;0;0m▘▘▘▘[0m
[48;2;0;0;0m[38;2;0;0;0m▘▘▘▘▘▘▘▘▘▘▘▘▘▘▘▘▘▘▘▘▘▘▘▘▘▘▘▘▘▘▘▘▘▘▘▘▘▘▘▘▘▘▘▘▘▘▘▘▘▘▘▘▘▘▘▘▘▘▘▘▘▘▘▘▘▘▘▘▘▘▘▘▘▘▘▘▘▘▘▘▘▘▘▘▘▘▘▘▘▘▘▘▘▘▘▘▘▘▘▘▘▘▘▘▘▘▘▘▘▘▘▘▘▘▘▘▘▘▘▘▘▘[38;2;255;255;237m▐[48;2;136;245;91m[38;2;251;255;244m▌[48;2;83;241;23m[38;2;86;246;15m▀[48;2;111;241;64m[38;2;234;253;214m▐[48;2;191;253;149m[38;2;239;255;220m▙[48;2;84;244;16m[38;2;114;243;64m▖[48;2;99;240;47m[38;2;200;249;180m▗[48;2;123;241;81m[38;2;239;254;226m▙[48;2;89;239;32m[38;2;204;248;184m▟[48;2;251;255;239m[38;2;253;255;238m▝[48;2;117;241;76m[38;2;236;253;218m▌[48;2;112;242;63m[38;2;236;254;215m▗[48;2;180;252;138m[38;2;242;255;221m▌[48;2;83;247;10m[38;2;84;248;8m▀[48;2;105;229;87m[38;2;247;255;237m▐[48;2;119;242;74m▖[48;2;81;240;20m[38;2;93;239;38m▗[48;2;197;247;172m[38;2;250;255;233m▐[48;2;114;250;47m[38;2;227;254;199m▙[48;2;88;247;16m[38;2;163;248;123m▄[48;2;156;242;129m[38;2;229;253;209m▖[48;2;80;244;11m[38;2;96;239;48m▌[48;2;84;245;16m[38;2;122;248;65m▝[48;2;159;249;112m[38;2;225;254;197m▜[48;2;146;248;95m[38;2;244;255;221m▀[48;2;179;245;139m[38;2;228;253;203m▙[48;2;87;246;11m[38;2;143;246;99m▖[48;2;85;247;9m[38;2;86;247;9m▛[48;2;84;243;16m[38;2;85;247;9m▛[48;2;118;238;77m[38;2;239;253;228m▗[48;2;248;255;238m[38;2;250;255;239m▐[48;2;128;243;85m[38;2;219;249;208m▖[48;2;128;242;87m[38;2;227;249;215m▗[48;2;250;255;235m[38;2;254;255;235m▟[48;2;0;0;0m[38;2;0;0;0m▘▘▘▘[0m
[48;2;0;0;0m[38;2;0;0;0m▘▘▘▘▘▘▘▘▘▘▘▘▘▘▘▘▘▘▘▘▘▘▘▘▘▘▘▘▘▘▘▘▘▘▘▘▘▘▘▘▘▘▘▘▘▘▘▘▘▘▘▘▘▘▘▘▘▘▘▘▘▘▘▘▘▘▘▘▘▘▘▘▘▘▘▘▘▘▘▘▘▘▘▘▘▘▘▘▘▘▘▘▘▘▘▘▘▘▘▘▘▘▘▘▘▘▘▘▘▘▘▘▘▘▘▘▘▘▘▘▘▘[38;2;255;255;255m▝[48;2;248;255;240m▖[48;2;233;252;224m[38;2;249;255;239m▄[48;2;248;255;234m[38;2;255;255;234m▗[48;2;255;255;128m[38;2;249;254;234m▜[48;2;229;252;217m[38;2;246;254;232m▙[48;2;241;253;229m[38;2;247;254;236m▟[48;2;0;0;0m[38;2;250;255;216m▛[38;2;252;255;241m▀[38;2;255;255;230m▀[48;2;249;255;232m[38;2;255;255;255m▖[48;2;247;255;231m[38;2;255;255;232m▗[48;2;185;240;176m[38;2;245;255;230m▙[48;2;82;233;42m[38;2;248;255;237m▄[48;2;244;254;236m[38;2;248;255;241m▟[48;2;248;255;238m[38;2;255;255;246m▖[48;2;239;253;226m[38;2;251;255;239m▄[48;2;136;248;79m[38;2;233;254;209m▙[48;2;107;247;43m[38;2;140;249;80m▝[48;2;128;247;72m[38;2;230;254;201m▀[48;2;148;245;110m[38;2;237;254;218m▚[48;2;127;248;75m[38;2;241;255;224m▌[48;2;80;246;8m[38;2;84;243;21m▖[48;2;82;246;8m[38;2;85;246;12m▝[48;2;84;245;11m[38;2;110;240;63m▗[48;2;100;233;64m[38;2;230;252;216m▟[48;2;200;247;183m[38;2;249;255;237m▙[48;2;96;242;39m[38;2;247;255;238m▄[48;2;98;241;47m[38;2;244;255;236m▟[48;2;246;255;237m[38;2;251;255;239m▟[48;2;0;0;0m[38;2;255;255;255m▀[48;2;247;255;237m▖[48;2;249;255;238m▗[48;2;0;0;0m▌[38;2;0;0;0m▘▘▘▘[0m
[48;2;0;0;0m[38;2;0;0;0m▘▘▘▘▘▘▘▘▘▘▘▘▘▘▘▘▘▘▘▘▘▘▘▘▘▘▘▘▘▘▘▘▘▘▘▘▘▘▘▘▘▘▘▘▘▘▘▘▘▘▘▘▘▘▘▘▘▘▘▘▘▘▘▘▘▘▘▘▘▘▘▘▘▘▘▘▘▘▘▘▘▘▘▘▘▘▘▘▘▘▘▘▘▘▘▘▘▘▘▘▘▘▘▘▘▘▘▘▘▘▘▘▘▘▘▘▘▘▘▘▘▘▘[38;2;255;255;255m▝[38;2;255;255;234m▀[38;2;255;255;255m▘▝[38;2;255;255;234m▀[38;2;255;255;255m▀[38;2;0;0;0m▘▘▘▘▘[38;2;250;255;244m▀[38;2;246;253;236m▀[38;2;255;255;252m▀[38;2;255;255;255m▀[38;2;255;255;234m▀[48;2;255;255;0m[38;2;254;255;245m▜[48;2;220;254;191m[38;2;254;255;235m▄[48;2;109;248;44m[38;2;199;253;155m▌[48;2;117;248;56m[38;2;230;254;205m▐[48;2;249;255;236m[38;2;251;255;236m▖[48;2;97;227;85m[38;2;231;252;219m▙[48;2;98;227;84m[38;2;253;255;244m▄[48;2;111;229;96m[38;2;243;254;232m▟[48;2;249;255;242m[38;2;255;255;255m▗[48;2;0;0;0m[38;2;223;223;217m▀[38;2;248;255;234m▀[38;2;244;251;234m▀[38;2;191;255;191m▘[38;2;0;0;0m▘▘▘▘▘▘▘▘[0m
[48;2;0;0;0m[38;2;0;0;0m▘▘▘▘▘▘▘▘▘▘▘▘▘▘▘▘▘▘▘▘▘▘▘▘▘▘▘▘▘▘▘▘▘▘▘▘▘▘▘▘▘▘▘▘▘▘▘▘▘▘▘▘▘▘▘▘▘▘▘▘▘▘▘▘▘▘▘▘▘▘▘▘▘▘▘▘▘▘▘▘▘▘▘▘▘▘▘▘▘▘▘▘▘▘▘▘▘▘▘▘▘▘▘▘▘▘▘▘▘▘▘▘▘▘▘▘▘▘▘▘▘▘▘▘▘▘▘▘▘▘▘▘▘▘▘▘▘▘▘▘[38;2;255;255;245m▐[48;2;210;254;168m[38;2;253;255;242m▙[48;2;252;255;238m[38;2;255;255;240m▗[48;2;0;0;0m[38;2;255;255;166m▛[38;2;252;255;240m▀[38;2;252;255;245m▀[38;2;255;255;251m▀[38;2;255;255;255m▘[38;2;0;0;0m▘▘▘▘▘▘▘▘▘▘▘▘[0m
